    0.5260    0.0318   1
    0.6412    0.0154   1
    0.6002    0.0811   1
    0.6210    0.0292   1
    0.5151    0.0680   1
    0.4953    0.0067   1
    0.5578    0.0634   1
    0.5663    0.0103   1
    0.5543    0.0513   1
    0.4997    0.0366   1
    0.6312    0.0193   1
    0.6542    0.0156   1
    0.5829    0.0830   1
    0.5324    0.0167   1
    0.6251    0.0672   1
    0.6424    0.0252   1
    0.4569    0.0462    0
    0.4225    0.0538    0
    0.4773    0.0620    0
    0.4782    0.0464    0
    0.3860    0.0867    0
    0.4529    0.0372    0
    0.3920    0.0773    0
    0.3606    0.0451    0
    0.3621    0.0418    0
    0.4837    0.0462    0
    0.3539    0.0261    0
    0.3688    0.0012    0
    0.4354    0.0887    0
