    0.5130    0.0318   1
    0.6282    0.0154   1
    0.5872    0.0811   1
    0.6080    0.0292   1
    0.5021    0.0680   1
    0.4823    0.0067   1
    0.5448    0.0634   1
    0.5533    0.0103   1
    0.5413    0.0513   1
    0.4867    0.0366   1
    0.6182    0.0193   1
    0.6412    0.0156   1
    0.5699    0.0830   1
    0.5194    0.0167   1
    0.6121    0.0672   1
    0.6294    0.0252   1
    0.4699    0.0462    0
    0.4355    0.0538    0
    0.4903    0.0620    0
    0.4912    0.0464    0
    0.3990    0.0867    0
    0.4659    0.0372    0
    0.4050    0.0773    0
    0.3736    0.0451    0
    0.3751    0.0418    0
    0.4967    0.0462    0
    0.3669    0.0261    0
    0.3818    0.0012    0
    0.4484    0.0887    0
