    0.5560    0.0318   1
    0.6712    0.0154   1
    0.6302    0.0811   1
    0.6510    0.0292   1
    0.5451    0.0680   1
    0.5253    0.0067   1
    0.5878    0.0634   1
    0.5963    0.0103   1
    0.5843    0.0513   1
    0.5297    0.0366   1
    0.6612    0.0193   1
    0.6842    0.0156   1
    0.6129    0.0830   1
    0.5624    0.0167   1
    0.6551    0.0672   1
    0.6724    0.0252   1
    0.4269    0.0462    0
    0.3925    0.0538    0
    0.4473    0.0620    0
    0.4482    0.0464    0
    0.3560    0.0867    0
    0.4229    0.0372    0
    0.3620    0.0773    0
    0.3306    0.0451    0
    0.3321    0.0418    0
    0.4537    0.0462    0
    0.3239    0.0261    0
    0.3388    0.0012    0
    0.4054    0.0887    0
